ID,min_year,max_year
1,1970,2016
2,2006,2016
3,2007,2013
4,2004,2016
5,2006,2016
6,2016,2017
7,2016,2017
8,2016,2017
9,2016,2017
10,2006,2016
11,1971,2016
12,2016,2017
13,1982,2017
14,2016,2017
15,2003,2010
16,1989,2000
17,1980,2016
18,1970,1994
19,2010,2015
20,1970,1994
21,1974,1994
22,2007,2015
23,2007,2012
24,2007,2010
25,2007,2010
26,1971,1994
27,1970,1994
28,1970,1994
29,1971,1994
30,1984,1993
31,1970,1994
32,1973,1994
33,1971,1994
34,1987,2014
35,1979,1994
36,1973,1994
37,1970,1994
38,1973,1994
39,1972,1994
40,1976,1992
41,1971,1994
42,1970,1994
43,1970,1994
44,1970,1994
45,1970,1994
46,1970,1994
47,1970,1994
48,1987,2014
49,1987,2014
50,1987,2014
51,1987,2014
52,1987,2014
53,1987,2014
54,1987,2014
55,1987,2014
56,2009,2012
57,1997,2001
58,2001,2015
59,2001,2015
60,2008,2009
61,2011,2017
62,1999,2016
63,1983,2015
64,1989,1998
65,1970,2017
66,1970,2017
67,1981,2017
68,1968,1988
69,1975,1986
70,1970,1994
71,1995,2003
72,1977,1984
73,1989,2003
74,1980,1992
75,1971,1993
76,1970,1994
77,1971,1994
78,1987,1993
79,1971,2016
80,1977,1981
81,1996,2016
82,1996,2015
83,2002,2003
84,2006,2017
85,2002,2003
86,2002,2003
87,1987,2003
88,2002,2003
89,1972,1991
90,2002,2003
91,2002,2003
92,2002,2003
93,2002,2003
94,1984,2003
95,1977,1993
96,1970,1994
97,1981,1994
98,1988,1993
99,1972,2016
100,1983,1993
101,1997,2016
102,1970,1981
103,1982,1994
104,1995,2016
105,2004,2015
106,2007,2015
107,2004,2016
108,2012,2015
109,2002,2011
110,2004,2016
111,2002,2011
112,1997,2011
113,2002,2011
114,1984,2012
115,1999,2005
116,1999,2005
117,1995,2010
118,2006,2012
119,1992,2012
120,2006,2015
121,1991,2008
122,1994,2012
123,2008,2015
124,2001,2015
125,2001,2015
126,1997,2013
127,1972,2012
128,1973,2012
129,1971,2012
130,1997,2007
131,1983,1986
132,1978,1984
133,2000,2007
134,2001,2007
135,2000,2007
136,1977,2009
137,1977,2009
138,2005,2008
139,1994,1997
140,1986,2012
141,1972,2012
142,1987,2000
143,1971,2007
144,1989,1993
145,1976,1978
146,2000,2002
147,1995,1997
148,1981,1984
149,1981,1984
150,1990,2004
151,1987,1992
152,1970,1978
153,1970,1978
154,2005,2007
155,1998,2001
156,2005,2006
157,1994,1997
158,1994,1997
159,1995,2006
160,1995,2006
161,1993,1997
162,1993,1997
163,1977,1994
164,1993,1994
165,1995,2009
166,1995,2009
167,1996,2009
168,1996,2009
169,1996,2009
170,1999,2006
171,1973,1977
172,1973,1977
173,1973,1977
174,1972,2002
175,1996,1997
176,1997,1998
177,2002,2004
178,2002,2004
179,2002,2004
180,2002,2004
181,2002,2004
182,2002,2004
183,1996,1997
184,1996,1997
185,1984,2012
186,1986,2012
187,2001,2015
188,2001,2015
189,2003,2015
190,2003,2015
191,2003,2015
192,2001,2015
193,2001,2015
194,2006,2012
195,2006,2012
196,2006,2012
197,2006,2012
198,2006,2012
199,2006,2012
200,1992,2012
201,1992,2012
202,1992,2012
203,1992,2012
204,1992,2012
205,1992,2012
206,1992,2011
207,1995,2001
208,1978,1994
209,1988,2009
210,1981,2009
211,1992,2002
212,1995,1997
213,1995,1997
214,1995,1997
215,1995,2014
216,1995,1997
217,1995,1997
218,1995,2009
219,1995,2009
220,1977,1994
221,1977,1994
222,1999,2010
223,1996,2008
224,1984,1993
225,1984,1991
226,1972,1978
227,1972,1982
228,1996,2010
229,1996,2010
230,1984,1995
231,1985,1995
232,1975,1982
233,1975,1982
234,1971,1974
235,1971,1973
236,1999,2002
237,1999,2002
238,1999,2003
239,1999,2002
240,1999,2003
241,1999,2005
242,2006,2008
243,2001,2003
244,1994,1998
245,1994,1995
246,1994,1998
247,1999,2002
248,1999,2002
249,1999,2002
250,1999,2002
251,1999,2002
252,1978,1981
253,2001,2003
254,2001,2003
255,2001,2006
256,2001,2006
257,1995,2004
258,1995,2004
259,2009,2010
260,1976,2008
261,2002,2003
262,1984,1986
263,1999,2005
264,2003,2012
265,2008,2012
266,1997,2012
267,1988,2011
268,2003,2012
269,1988,2011
270,2003,2011
271,1988,2011
272,2003,2012
273,2005,2011
274,1994,2011
275,1987,2012
276,2004,2012
277,2003,2012
278,1990,2010
279,1987,2012
280,1981,1982
281,1987,2012
282,2001,2012
283,2009,2012
284,1996,2010
285,1972,2002
286,1972,2002
287,1989,2010
288,1999,2006
289,1991,1994
290,2007,2009
291,1960,2010
292,1961,2010
293,1990,1992
294,1997,1999
295,1997,1999
296,1998,1999
297,1997,1999
298,1997,1999
299,1997,1999
300,1997,1999
301,1997,1999
302,1998,1999
303,1993,2002
304,1993,2002
305,2003,2004
306,1997,2011
307,2003,2004
308,2003,2004
309,2003,2004
310,1993,2002
311,1999,2006
312,1998,2000
313,1993,2002
314,1996,2012
315,1972,1995
316,2004,2005
317,2004,2005
318,2004,2005
319,2004,2005
320,2004,2005
321,2004,2005
322,2004,2005
323,2004,2005
324,1986,1993
325,1988,2010
326,1978,1991
327,1978,1991
328,1970,1994
329,1995,2005
330,1995,2004
331,1995,2006
332,1970,1994
333,1970,1994
334,1987,2006
335,1987,2008
336,1988,2011
337,1995,2005
338,1995,2004
339,1995,2006
340,1970,1994
341,1972,1994
342,1970,1994
343,1970,1994
344,1972,1994
345,1970,1994
346,1970,1994
347,1970,1994
348,1970,1994
349,1970,1994
350,1971,1994
351,1995,1996
352,1999,2009
353,1980,1993
354,1971,2016
355,1970,1981
356,1990,2013
357,1977,2013
358,1982,1994
359,1995,2016
360,1970,1981
361,1982,1994
362,1995,2016
363,2015,2017
364,2014,2016
365,2014,2016
366,1997,1999
367,1994,2000
368,1994,2000
369,2008,2017
370,1999,2004
371,1985,1991
372,1985,1991
373,1986,1991
374,1995,2009
375,1972,2005
376,1985,2005
377,1987,2004
378,1977,1994
379,1971,2003
380,1961,2001
381,1989,2004
382,1990,2001
383,1991,1998
384,1996,2010
385,1999,2000
386,1990,2005
387,1984,1995
388,1972,1982
389,1996,2010
390,1984,1985
391,1984,1995
392,1988,1993
393,1975,1982
394,1970,2000
395,1978,1991
396,1977,1991
397,1970,1994
398,1970,1994
399,1970,1994
400,1970,1994
401,1971,1994
402,1970,1994
403,1971,1994
404,1955,1980
405,1966,1976
406,1972,1994
407,1971,1994
408,1970,1994
409,1970,1994
410,1970,1994
411,1970,1994
412,1972,1993
413,1980,1993
414,1971,2016
415,1970,1981
416,1982,1994
417,1995,2016
418,1970,1981
419,1999,2001
420,1999,2001
421,1988,1998
422,1982,1994
423,1995,2016
424,2000,2003
425,2000,2003
426,2014,2016
427,1983,2001
428,1952,1995
429,1952,1995
430,1952,1995
431,1952,1995
432,2014,2016
433,1970,2016
434,2007,2016
435,1970,2016
436,2007,2016
437,1970,2016
438,2007,2016
439,1998,1999
440,1995,2005
441,1995,2004
442,1995,2006
443,2001,2016
444,2000,2003
445,1976,1977
446,2001,2016
447,1983,1984
448,1952,1995
449,2002,2016
450,2002,2017
451,1965,1975
452,1965,1975
453,1965,1975
454,2002,2016
455,1965,1974
456,2002,2016
457,1965,1972
458,2016,2017
459,1965,1974
460,1965,1974
461,1989,1990
462,2001,2005
463,2000,2017
464,2000,2016
465,2003,2012
466,2000,2017
467,2003,2008
468,1995,2002
469,1960,2009
470,2004,2008
471,1993,2010
472,1993,2010
473,1993,2007
474,1989,2012
475,1972,2012
476,1952,2012
477,1970,2009
478,1985,2012
479,1971,2011
480,1975,1998
481,1992,2012
482,1975,2008
483,2005,2010
484,1978,2007
485,1990,2012
486,2004,2010
487,2004,2009
488,2004,2009
489,1998,2004
490,2008,2010
491,2004,2010
492,2005,2010
493,2004,2009
494,2005,2010
495,2005,2006
496,2006,2009
497,1999,2005
498,1999,2005
499,1997,2006
500,1997,2006
501,1997,2006
502,1998,2005
503,1998,2004
504,1998,2004
505,2000,2006
506,2000,2006
507,2000,2006
508,1999,2006
509,2004,2010
510,1999,2006
511,2007,2010
512,2004,2010
513,2001,2015
514,2014,2015
515,2011,2014
516,2011,2014
517,2011,2014
518,2011,2014
519,2015,2016
520,1978,2004
521,2006,2017
522,2006,2017
523,1965,2010
524,2003,2015
525,2005,2015
526,1984,2003
527,1986,2003
528,1997,1998
529,1995,1999
530,1995,1999
531,1995,1998
532,1974,2003
533,1974,1993
534,2004,2016
535,2006,2016
536,2012,2015
537,2004,2016
538,2006,2016
539,2012,2015
540,1996,1998
541,1996,1998
542,1995,1999
543,1995,1999
544,1995,1998
545,1995,1998
546,1995,1998
547,2006,2016
548,2006,2016
549,2004,2010
550,2004,2010
551,2009,2010
552,2004,2010
553,2005,2010
554,2005,2010
555,2009,2010
556,2004,2010
557,2008,2010
558,2004,2010
559,2008,2010
560,2008,2010
561,2006,2010
562,2004,2010
563,2004,2010
564,2009,2010
565,1987,1994
566,2004,2010
567,2004,2010
568,2005,2010
569,1998,2002
570,1998,2002
571,1998,2001
572,1986,1991
573,1985,1994
574,1985,1994
575,2004,2010
576,2005,2010
577,2009,2010
578,2004,2010
579,2006,2010
580,2005,2009
581,2004,2010
582,2007,2010
583,2004,2010
584,1997,2000
585,2008,2010
586,2004,2010
587,2007,2010
588,2004,2010
589,2009,2010
590,1986,1992
591,1998,2002
592,1998,2002
593,1991,1999
594,2005,2010
595,2004,2010
596,2011,2014
597,2011,2014
598,2011,2014
599,2011,2014
600,2011,2014
601,2011,2014
602,2011,2014
603,2011,2014
604,2011,2014
605,2011,2014
606,2011,2014
607,2011,2014
608,2011,2014
609,1986,1994
610,1993,2002
611,1983,1996
612,1982,1997
613,1990,1996
614,1991,1996
615,2011,2014
616,1966,1976
617,1979,1987
618,2011,2014
619,1966,1976
620,1972,1991
621,1961,1992
622,1974,2000
623,1972,1991
624,1966,1976
625,1970,1980
626,2011,2014
627,2011,2014
628,2011,2014
629,2011,2014
630,2011,2014
631,1970,1985
632,1970,1985
633,2011,2014
634,2011,2014
635,1990,2000
636,2011,2014
637,1980,1996
638,2011,2014
639,2011,2014
640,2011,2014
641,2011,2014
642,2011,2014
643,1973,1986
644,1978,2000
645,2011,2014
646,1985,1993
647,2011,2014
648,2011,2014
649,2008,2017
650,2006,2017
651,1978,1993
652,2004,2013
653,2004,2016
654,2006,2016
655,2012,2015
656,2004,2016
657,2006,2016
658,2012,2015
659,1994,2017
660,1970,2014
661,1984,2003
662,2003,2015
663,2005,2015
664,2004,2016
665,2006,2016
666,2012,2015
667,2003,2013
668,1996,2003
669,2005,2013
670,2004,2014
671,2004,2016
672,2006,2016
673,2012,2015
674,2008,2012
675,2013,2014
676,1970,2016
677,2007,2016
678,1970,2016
679,2007,2016
680,2004,2015
681,2007,2015
682,1970,2016
683,1970,2016
684,1971,2016
685,1971,2016
686,1970,2016
687,1987,2016
688,1972,2016
689,1978,2010
690,1970,2016
691,1970,2016
692,1970,2016
693,1975,2016
694,2008,2012
695,1975,2016
696,1970,2016
697,1970,2016
698,1970,2016
699,1970,2016
700,1970,2016
701,1975,2016
702,1970,2016
703,2006,2016
704,1970,2016
705,1970,2016
706,1975,2016
707,1970,2016
708,1970,2016
709,1970,2016
710,1970,2016
711,1974,2016
712,1983,2016
713,1970,2016
714,1970,2016
715,1970,2016
716,1970,2016
717,1970,2016
718,1970,2016
719,2006,2016
720,1970,2016
721,1970,2016
722,1974,2016
723,1984,2003
724,1995,2016
725,1970,2016
726,2003,2015
727,1970,2016
728,1970,2016
729,1970,2016
730,1970,2016
731,1970,2016
732,1977,2016
733,2005,2015
734,1974,2016
735,1970,2016
736,2004,2016
737,1970,2016
738,2006,2016
739,1970,2016
740,1970,2016
741,1971,2016
742,1990,2016
743,2004,2016
744,2006,2016
745,2003,2005
746,2006,2016
747,1970,2016
748,1977,2016
749,1995,2016
750,1970,2016
751,1970,2016
752,1970,2016
753,1970,2016
754,1970,2016
755,1970,2016
756,1970,2016
757,1970,2016
758,1970,2016
759,1970,2016
760,1970,2016
761,1970,2016
762,1970,2016
763,1970,2016
764,1970,2016
765,2006,2016
766,1970,2016
767,1974,2016
768,1970,2016
769,1970,2016
770,1984,2003
771,1970,2016
772,1970,2016
773,1970,2016
774,1970,2016
775,1970,2016
776,1970,2016
777,1970,2016
778,1977,2016
779,1970,2016
780,1970,2016
781,1970,2016
782,1970,2016
783,1970,2016
784,1970,2016
785,1970,2016
786,1970,2016
787,1970,2016
788,1970,2016
789,1970,2016
790,1970,2016
791,1970,2016
792,1970,2016
793,1970,2016
794,1970,2016
795,1970,2016
796,1970,2016
797,1970,2016
798,1970,2016
799,1970,2016
800,1970,2016
801,1970,2016
802,1970,2016
803,1970,2016
804,1970,2016
805,1970,2016
806,1970,2016
807,1970,2016
808,1970,2016
809,1970,2016
810,1970,2016
811,1970,2016
812,1970,2016
813,1970,2016
814,1970,2016
815,1970,2016
816,1970,2016
817,1970,2016
818,1970,2016
819,1970,2016
820,1970,2016
821,1970,2016
822,1970,2016
823,1970,2016
824,1970,2016
825,1970,2016
826,1970,2016
827,1970,2016
828,1970,2016
829,1970,2016
830,1970,2016
831,1970,2016
832,1970,2016
833,1970,2016
834,1970,2016
835,1970,2016
836,1970,2016
837,1970,2016
838,1970,2016
839,1970,2016
840,1970,2016
841,1970,2016
842,1970,2016
843,1970,2016
844,1970,2016
845,1970,2016
846,1970,2016
847,1970,2016
848,1970,2016
849,1970,2016
850,1970,2016
851,1970,2016
852,1970,2016
853,1970,2016
854,1970,2016
855,1970,2016
856,1970,2016
857,1970,2016
858,1970,2016
859,1970,2016
860,1970,2016
861,1970,2016
862,1970,2016
863,1970,2016
864,1970,2016
865,1970,2016
866,1970,2016
867,1970,2016
868,1970,2016
869,1970,2016
870,1970,2016
871,1970,2016
872,1970,2016
873,1971,2016
874,1970,2016
875,1970,2016
876,1970,2016
877,1970,2016
878,1970,2016
879,1970,2016
880,1970,2016
881,1971,2016
882,1970,2016
883,1970,2016
884,1970,2016
885,1974,2016
886,1970,2016
887,1989,2016
888,1976,2016
889,1970,2016
890,1975,2016
891,1970,2016
892,1970,2016
893,1970,2016
894,1975,2016
895,1970,2016
896,1970,2016
897,1970,2016
898,1970,2016
899,1970,2016
900,1970,2016
901,1970,2016
902,1970,2016
903,1972,2016
904,1974,2016
905,1978,2016
906,1974,2016
907,1974,2016
908,1974,2016
909,1974,2016
910,1970,2016
911,1970,2016
912,1974,2016
913,1974,2016
914,1976,2016
915,1970,2016
916,1974,2016
917,1974,2016
918,1982,2016
919,1970,2016
920,1970,2016
921,1970,2016
922,1970,2016
923,1974,2016
924,1974,2016
925,1974,2016
926,1974,2016
927,1974,2016
928,1980,2016
929,1984,2016
930,2003,2015
931,1984,2016
932,1970,2016
933,1984,2016
934,2005,2015
935,1970,2016
936,1974,2016
937,1970,2016
938,1976,2016
939,1981,2016
940,1970,2016
941,1970,2016
942,1990,2016
943,1970,2016
944,1970,2016
945,1970,2016
946,1970,2016
947,1985,2016
948,1970,2016
949,1970,2016
950,1970,2016
951,1973,2016
952,1970,2016
953,1970,2016
954,1970,2016
955,1971,2016
956,1970,2016
957,1970,2016
958,1970,2016
959,1970,2016
960,1970,2016
961,1970,2016
962,1970,2016
963,1970,2016
964,1970,2016
965,1970,2016
966,1970,2016
967,2004,2016
968,1970,2016
969,1970,2016
970,1970,2016
971,1970,2016
972,1970,2016
973,1970,2016
974,1970,2016
975,1970,2016
976,1976,2016
977,2006,2016
978,1970,2016
979,1970,2016
980,1970,2016
981,1970,2016
982,1970,2016
983,1970,2016
984,1970,2016
985,1970,2016
986,1970,2016
987,1970,2016
988,1970,2016
989,1970,2016
990,1970,2016
991,1970,2016
992,1970,2016
993,1971,2016
994,1970,2016
995,1970,2016
996,1970,2016
997,1970,2016
998,1970,2016
999,1970,2016
1000,1970,2016
1001,1972,2016
1002,1970,2016
1003,1970,2016
1004,1970,2016
1005,1970,2016
1006,1970,2016
1007,1974,2016
1008,1970,2016
1009,1970,2016
1010,1970,2016
1011,1970,2016
1012,1970,2016
1013,1970,2016
1014,1990,2016
1015,1970,2016
1016,1970,2016
1017,1972,2016
1018,1970,2016
1019,1970,2016
1020,1970,2016
1021,1970,2016
1022,1970,2016
1023,1970,2016
1024,1970,2016
1025,2012,2015
1026,2004,2016
1027,1970,2016
1028,2012,2015
1029,1977,2014
1030,1996,2013
1031,1990,2014
1032,1970,2014
1033,1974,2014
1034,1970,2014
1035,1970,2014
1036,1970,2014
1037,1973,2014
1038,1970,2014
1039,1971,2003
1040,1973,2014
1041,1974,2014
1042,1970,2014
1043,1980,2014
1044,1975,2003
1045,1970,2014
1046,1993,2005
1047,1992,2004
1048,1992,2005
1049,1992,2005
1050,1992,2004
1051,1983,1986
1052,1986,1987
1053,1974,2006
1054,2002,2003
1055,1989,2006
1056,2004,2011
1057,1993,2005
1058,1993,2005
1059,1992,2005
1060,1992,1993
1061,1992,2005
1062,1992,2005
1063,1992,2005
1064,1992,2005
1065,1983,1986
1066,1993,2005
1067,1993,2005
1068,1992,2005
1069,1992,2005
1070,1992,2005
1071,1992,2004
1072,1992,2005
1073,1992,2005
1074,1983,1986
1075,1970,2014
1076,1970,2014
1077,2000,2001
1078,2000,2003
1079,1993,2005
1080,1993,2005
1081,1992,2005
1082,1992,2004
1083,1992,2005
1084,1992,2005
1085,1992,2005
1086,1992,2005
1087,1983,1986
1088,1997,2007
1089,1992,1993
1090,1992,1994
1091,1992,2004
1092,1999,2000
1093,1999,2000
1094,1983,1986
1095,1995,1998
1096,1995,1998
1097,1983,1986
1098,1988,2003
1099,1988,2001
1100,2000,2012
1101,1996,2012
1102,1970,2014
1103,1970,2014
1104,2007,2012
1105,1970,2016
1106,2005,2011
1107,1992,1999
1108,2006,2016
1109,2009,2013
1110,2012,2016
1111,2005,2013
1112,1998,2011
1113,2002,2010
1114,2002,2010
1115,2000,2013
1116,1995,2009
1117,1972,2013
1118,1981,2014
1119,1971,2014
1120,1980,2011
1121,2002,2016
1122,1970,2017
1123,1970,2017
1124,2005,2017
1125,2006,2016
1126,2007,2016
1127,2004,2014
1128,2006,2016
1129,2008,2012
1130,2013,2016
1131,1970,2014
1132,1994,2017
1133,2000,2001
1134,1985,2008
1135,1983,1993
1136,1990,1997
1137,1985,1997
1138,1983,1997
1139,1983,1997
1140,1985,1997
1141,1989,1997
1142,1983,1997
1143,1983,1997
1144,1987,1990
1145,1987,1990
1146,1987,1990
1147,1987,1990
1148,1987,1990
1149,1987,1990
1150,1987,1990
1151,1987,1990
1152,1987,1990
1153,1987,1990
1154,1987,1990
1155,1998,2001
1156,2014,2017
1157,1999,2018
1158,1971,2016
1159,1971,2016
1160,1973,2016
1161,1975,2007
1162,1971,2010
1163,1988,1998
1164,2009,2015
1165,1984,2012
1166,2006,2012
1167,1992,2012
1168,2003,2012
1169,1987,2012
1170,1965,1981
1171,2006,2015
1172,2008,2015
1173,2001,2015
1174,2001,2015
1175,1975,1977
1176,2006,2015
1177,2008,2015
1178,2001,2015
1179,2001,2015
1180,2006,2015
1181,2008,2015
1182,2001,2015
1183,2004,2008
1184,2005,2008
1185,2005,2009
1186,2009,2010
1187,2004,2009
1188,2005,2010
1189,2008,2010
1190,2011,2014
1191,2011,2014
1192,2011,2014
1193,2011,2014
1194,1970,1994
1195,1975,1994
1196,1970,1994
1197,1977,1993
1198,1970,1994
1199,1970,1994
1200,1979,1993
1201,1980,1989
1202,1977,2016
1203,1970,1981
1204,1983,1994
1205,1995,2016
1206,2000,2015
1207,2003,2015
1208,2005,2015
1209,2004,2014
1210,1978,1988
1211,1977,1988
1212,1970,1994
1213,1970,1994
1214,1972,1993
1215,1973,1994
1216,1973,1993
1217,1970,1994
1218,1973,1994
1219,1974,1990
1220,1974,1993
1221,1970,1993
1222,1973,1992
1223,1982,1987
1224,1974,2010
1225,1970,1981
1226,1984,1993
1227,1995,2009
1228,1970,1981
1229,1982,1994
1230,1995,2016
1231,1978,1991
1232,1977,1991
1233,1970,1994
1234,1970,1994
1235,1973,1981
1236,1970,1994
1237,1977,1993
1238,1970,1993
1239,1971,1994
1240,1972,1990
1241,1984,1990
1242,1970,1994
1243,1973,1991
1244,1979,1990
1245,1981,2015
1246,1970,1978
1247,1988,1994
1248,1996,2008
1249,2003,2015
1250,2005,2013
1251,2004,2016
1252,2010,2012
1253,2010,2012
1254,2010,2012
1255,2010,2012
1256,2010,2011
1257,2010,2011
1258,2013,2014
1259,2013,2014
1260,2013,2014
1261,2013,2014
1262,2013,2014
1263,2013,2014
1264,1978,1988
1265,1978,1988
1266,1973,1994
1267,1970,1994
1268,1977,1994
1269,1976,1994
1270,1982,1987
1271,2006,2014
1272,2001,2015
1273,2007,2012
1274,1973,1986
1275,1970,1994
1276,1971,1994
1277,1970,1994
1278,1971,1994
1279,1980,1994
1280,1978,1988
1281,1977,1994
1282,1970,1994
1283,1970,1994
1284,1980,1993
1285,1970,1981
1286,1982,1994
1287,1995,2016
1288,1970,1981
1289,1982,1994
1290,1995,2016
1291,1976,1980
1292,1985,1989
1293,1985,1989
1294,1984,1994
1295,1984,1993
1296,1971,1994
1297,1970,1994
1298,1970,1994
1299,1970,1994
1300,1971,1994
1301,1987,1993
1302,1971,2016
1303,1978,1991
1304,1978,1991
1305,1970,1994
1306,1970,1994
1307,1972,1993
1308,1970,1993
1309,1974,1994
1310,1972,1990
1311,1972,1988
1312,1970,1994
1313,1970,1994
1314,1970,1994
1315,1970,1994
1316,1970,1994
1317,1982,1993
1318,1984,1993
1319,1972,2016
1320,2004,2005
1321,2004,2005
1322,2003,2013
1323,2008,2012
1324,2006,2016
1325,2012,2015
1326,2005,2015
1327,2007,2015
1328,2006,2016
1329,2006,2016
1330,1974,1994
1331,1978,1994
1332,1991,1994
1333,1982,1994
1334,1982,1986
1335,2011,2015
1336,2006,2012
1337,2006,2010
1338,2004,2013
1339,2006,2007
1340,1978,1988
1341,1978,1988
1342,1971,1994
1343,1980,1994
1344,1973,1993
1345,1974,1994
1346,1973,1993
1347,1974,1989
1348,1973,1990
1349,1976,1992
1350,1973,1991
1351,1978,1991
1352,1978,1991
1353,1970,1994
1354,1974,1994
1355,1975,1994
1356,1974,1994
1357,1974,1994
1358,1973,1994
1359,1976,1994
1360,1976,2014
1361,1970,2007
1362,1978,1986
1363,1973,1989
1364,1973,1987
1365,1978,1983
1366,1976,1994
1367,1970,1992
1368,1970,1993
1369,1970,1994
1370,1971,1992
1371,1980,1993
1372,1970,1981
1373,1982,1993
1374,1995,2010
1375,1970,1981
1376,1982,1994
1377,1995,2016
1378,2003,2015
1379,2006,2014
1380,2009,2012
1381,2007,2012
1382,2007,2012
1383,2007,2012
1384,2008,2012
1385,2012,2016
1386,2007,2015
1387,2007,2012
1388,2003,2015
1389,2004,2014
1390,2006,2016
1391,1985,1992
1392,1987,1994
1393,1988,1994
1394,1977,1994
1395,1987,1994
1396,1987,1992
1397,2008,2014
1398,1978,1988
1399,1978,1988
1400,1973,1994
1401,1970,1994
1402,1977,1994
1403,1973,1994
1404,1972,1994
1405,1973,1994
1406,1972,1994
1407,1977,1994
1408,1982,1994
1409,1982,1987
1410,1983,1987
1411,1976,2013
1412,1991,1993
1413,1999,2014
1414,1995,2005
1415,2004,2015
1416,2006,2014
1417,2006,2016
1418,1978,1991
1419,1973,1994
1420,1973,1994
1421,1989,1994
1422,1982,1994
1423,1983,1994
1424,1983,1987
1425,1983,1987
1426,1982,1994
1427,1976,1985
1428,1982,1987
1429,1985,1987
1430,2004,2015
1431,2005,2015
1432,1980,1994
1433,2012,2014
1434,2012,2014
1435,2012,2014
1436,2012,2014
1437,2012,2014
1438,2012,2013
1439,2012,2014
1440,1979,1994
1441,1986,1991
1442,1995,2016
1443,1995,2016
1444,2005,2015
1445,2007,2012
1446,2002,2006
1447,2003,2006
1448,2007,2012
1449,1978,1988
1450,1978,1991
1451,1973,1994
1452,1970,1994
1453,1977,1994
1454,1975,1994
1455,1981,1987
1456,1979,1987
1457,1979,1986
1458,2010,2014
1459,1978,1991
1460,1978,1991
1461,1971,1994
1462,1987,1993
1463,1974,1993
1464,1978,1992
1465,1978,1992
1466,1982,1992
1467,1970,1992
1468,1979,1994
1469,1978,1993
1470,1982,2005
1471,1978,1994
1472,1983,1989
1473,2004,2006
1474,2012,2015
1475,2013,2015
1476,1978,1994
1477,1978,1994
1478,1970,1994
1479,1980,1993
1480,1978,1994
1481,1973,1994
1482,1970,1994
1483,1978,1994
1484,1971,1994
1485,1971,1994
1486,1973,2016
1487,1971,1981
1488,1983,1993
1489,1995,2016
1490,1985,1993
1491,1996,2016
1492,1978,1991
1493,1977,1991
1494,1970,1994
1495,1970,1994
1496,1970,1994
1497,1972,1994
1498,1971,1994
1499,1970,1994
1500,1971,1994
1501,1972,1994
1502,1970,1994
1503,1970,1994
1504,1970,1994
1505,1971,1993
1506,1970,1994
1507,1971,2016
1508,1970,1981
1509,1984,1994
1510,1995,2015
1511,1970,1981
1512,1982,1994
1513,1995,2016
1514,2004,2013
1515,2005,2011
1516,2005,2015
1517,2010,2016
1518,1979,1993
1519,1974,1988
1520,1974,1987
1521,1979,1987
1522,2006,2015
1523,2008,2015
1524,2001,2015
1525,1971,1990
1526,1970,1994
1527,1970,1982
1528,1973,1994
1529,1970,1994
1530,1970,1994
1531,1973,1994
1532,1970,1994
1533,1970,1994
1534,1970,1994
1535,1970,1994
1536,1973,1994
1537,1982,1994
1538,1973,2016
1539,1972,1981
1540,1984,1992
1541,1995,2016
1542,1995,2016
1543,2012,2014
1544,2005,2015
1545,2005,2015
1546,2008,2016
1547,2008,2014
1548,2011,2015
1549,2009,2015
1550,2008,2016
1551,2010,2016
1552,2004,2011
1553,2010,2014
1554,1973,1993
1555,1971,1993
1556,1982,1991
1557,1972,1992
1558,1972,1992
1559,1974,1994
1560,1985,1994
1561,1981,1985
1562,1974,2016
1563,1978,1988
1564,1978,1988
1565,1978,1994
1566,1971,1994
1567,1984,1994
1568,1983,1994
1569,1983,1994
1570,1985,1994
1571,1983,1994
1572,1974,1994
1573,1971,1994
1574,1970,1994
1575,1984,1994
1576,1974,2016
1577,1995,2016
1578,2001,2014
1579,1978,1988
1580,1975,1994
1581,1978,1994
1582,1974,1994
1583,1971,2016
1584,2000,2015
1585,1976,1984
1586,1977,1994
1587,1974,1994
1588,1979,1994
1589,1985,1994
1590,1987,1991
1591,1980,1989
1592,2004,2010
1593,2004,2010
1594,2009,2010
1595,2004,2010
1596,2005,2010
1597,2005,2010
1598,2009,2010
1599,2004,2010
1600,2008,2010
1601,2004,2010
1602,2008,2010
1603,2008,2010
1604,2006,2010
1605,2004,2010
1606,2004,2010
1607,2009,2010
1608,2004,2010
1609,2004,2010
1610,2005,2010
1611,2004,2010
1612,2005,2010
1613,2009,2010
1614,2004,2010
1615,2006,2010
1616,2005,2009
1617,2004,2010
1618,2007,2010
1619,2004,2010
1620,2008,2010
1621,2004,2010
1622,2007,2010
1623,2004,2010
1624,2009,2010
1625,2005,2010
1626,2004,2010
1627,2011,2014
1628,2011,2014
1629,2011,2014
1630,2011,2014
1631,2011,2014
1632,2011,2014
1633,2011,2014
1634,2011,2014
1635,2011,2014
1636,2011,2014
1637,2011,2014
1638,2011,2014
1639,2011,2014
1640,2011,2014
1641,2011,2014
1642,2011,2014
1643,2011,2014
1644,2011,2014
1645,2011,2014
1646,2011,2014
1647,2011,2014
1648,2011,2014
1649,2011,2014
1650,2011,2014
1651,2011,2014
1652,2011,2014
1653,2011,2014
1654,2011,2014
1655,2011,2014
1656,2011,2014
1657,2011,2014
1658,2011,2014
1659,2011,2014
1660,2007,2012
1661,2004,2011
1662,2005,2011
1663,2005,2011
1664,1971,1986
1665,1972,1989
1666,1985,1994
1667,1985,2016
1668,1987,2016
1669,2006,2016
1670,1987,1994
1671,1982,1986
1672,1981,1990
1673,1974,1994
1674,1984,1992
1675,1982,1994
1676,1995,2016
1677,2003,2015
1678,2005,2011
1679,2008,2016
1680,1977,1986
1681,1975,1989
1682,1970,1994
1683,1970,1994
1684,1971,1994
1685,1970,1994
1686,1971,1994
1687,1972,1990
1688,1970,1994
1689,1974,1994
1690,1970,1994
1691,1970,1994
1692,1971,1993
1693,1980,1993
1694,1971,2016
1695,1970,1981
1696,1982,1994
1697,1995,2016
1698,1970,1981
1699,1982,1994
1700,1995,2016
1701,1983,1994
1702,1996,2016
1703,1990,1994
1704,1995,2016
1705,1968,1995
1706,1996,1999
1707,1971,2016
1708,1994,2017
1709,1984,2016
1710,1994,2017
1711,1986,2005
1712,1998,2013
1713,1983,2006
1714,1987,2014
1715,1987,2014
1716,1987,2014
1717,1987,2014
1718,1987,2014
1719,1987,2014
1720,1987,2014
1721,1987,2014
1722,1987,2000
1723,1987,2000
1724,2003,2014
1725,2008,2018
1726,1999,2016
1727,1970,2015
1728,2001,2016
1729,1998,2017
1730,1991,2016
1731,1982,2018
1732,1980,2013
1733,1972,2002
1734,1987,1989
1735,1983,1989
1736,1976,1989
1737,1984,2003
1738,2003,2015
1739,2005,2015
1740,2004,2016
1741,2012,2015
1742,2004,2016
1743,2012,2015
1744,1982,2009
1745,1982,2009
1746,1988,2009
1747,1988,2009
1748,1990,2010
1749,1965,2004
1750,1965,2006
1751,1978,2010
1752,1985,2003
1753,1973,2003
1754,1978,2007
1755,1978,2007
1756,1970,2006
1757,2001,2010
1758,1973,1994
1759,1970,1985
1760,2011,2013
1761,1975,1994
1762,1971,1994
1763,1970,1994
1764,1970,1994
1765,2003,2013
1766,2007,2009
1767,2007,2016
1768,1992,2016
1769,2007,2015
1770,2012,2016
1771,2006,2015
1772,2006,2015
1773,1972,1994
1774,1970,1994
1775,1970,1994
1776,2004,2005
1777,2007,2012
1778,1972,1994
1779,1970,1994
1780,1970,1994
1781,1971,1994
1782,1986,1993
1783,1971,2016
1784,1970,1981
1785,2006,2015
1786,2008,2015
1787,2001,2015
1788,1982,1994
1789,1995,2016
1790,1970,1981
1791,1982,1994
1792,1995,2016
1793,1999,2016
1794,1999,2016
1795,1999,2016
1796,1978,1991
1797,1978,1991
1798,1971,1994
1799,1970,1994
1800,1972,1994
1801,1976,1991
1802,1972,1994
1803,1979,1994
1804,1978,1993
1805,1981,1994
1806,1970,1994
1807,1970,1994
1808,1973,1994
1809,1981,2016
1810,1995,2016
1811,2011,2013
1812,1971,1984
1813,1971,1978
1814,1978,1992
1815,1977,1994
1816,1972,1994
1817,1973,1994
1818,1970,1994
1819,1970,1994
1820,1970,1992
1821,1971,1992
1822,1974,2016
1823,1986,1988
1824,1997,2016
1825,2001,2015
1826,1951,2007
1827,1951,2007
1828,1952,2007
1829,1952,2007
1830,1952,2007
1831,2003,2015
1832,2005,2015
1833,2004,2016
1834,2012,2015
1835,2012,2015
1836,2004,2016
1837,1951,1987
1838,1988,2016
1839,1992,2012
1840,1992,2012
1841,1992,2011
1842,1965,1981
1843,1950,1979
1844,1951,1979
1845,2002,2006
1846,2013,2015
1847,2012,2015
1848,2009,2015
1849,1984,1994
1850,1983,1992
1851,1991,1993
1852,1978,1991
1853,1978,1991
1854,1976,1994
1855,1978,1993
1856,1977,1994
1857,1980,1992
1858,1984,1994
1859,1976,1994
1860,1974,1994
1861,1970,1990
1862,1974,1988
1863,1978,1991
1864,1978,1991
1865,1982,1994
1866,1979,1991
1867,1986,1991
1868,1982,1993
1869,1983,1993
1870,1974,1987
1871,1977,1994
1872,1977,1991
1873,1985,1991
1874,1971,1994
1875,1973,1994
1876,1973,1991
1877,1973,1994
1878,1973,1994
1879,1977,1994
1880,1973,1994
1881,1973,1994
1882,1973,1993
1883,1970,1994
1884,1971,2016
1885,1973,1980
1886,1987,1990
1887,1995,2016
1888,1986,1988
1889,1996,2016
1890,2007,2013
1891,2005,2015
1892,2008,2016
1893,2012,2015
1894,2006,2016
1895,1971,1994
1896,1974,1984
1897,1974,1983
1898,2005,2015
1899,2008,2014
1900,2008,2016
1901,2003,2015
1902,2005,2015
1903,1978,1991
1904,1978,1991
1905,1971,1994
1906,1973,1993
1907,1970,1994
1908,1975,1994
1909,1970,1994
1910,1984,1994
1911,1978,1993
1912,1972,1994
1913,1977,1992
1914,1974,1992
1915,1977,1990
1916,1974,1990
1917,1973,1989
1918,1970,1987
1919,1971,1989
1920,1972,1994
1921,1984,1994
1922,1992,1994
1923,2003,2015
1924,2005,2015
1925,2006,2007
1926,1979,1988
1927,1985,1989
1928,1984,1988
1929,1978,1991
1930,1978,1991
1931,1971,1994
1932,1971,1994
1933,1971,1994
1934,1978,1994
1935,1977,1994
1936,1972,1994
1937,1972,1991
1938,1974,1993
1939,1972,1993
1940,1972,1993
1941,1974,1993
1942,1985,1990
1943,1978,1991
1944,1977,1991
1945,1970,1994
1946,1970,1994
1947,1972,1993
1948,1970,1993
1949,1972,1994
1950,1970,1994
1951,1970,1994
1952,1973,1994
1953,1972,1994
1954,1974,1994
1955,1974,1994
1956,1974,1994
1957,1979,1986
1958,1974,1981
1959,1982,1994
1960,1995,2016
1961,1999,2013
1962,1983,1994
1963,1983,1994
1964,1970,1994
1965,1970,1990
1966,1970,1990
1967,1970,1983
1968,1971,1990
1969,2013,2015
1970,1976,1990
1971,1978,1986
1972,2003,2013
1973,2005,2007
1974,2006,2016
1975,2006,2008
1976,2009,2015
1977,2009,2015
1978,2010,2016
1979,2010,2016
1980,1981,1991
1981,1971,1994
1982,1970,1994
1983,1970,1994
1984,1970,1994
1985,1977,1994
1986,1970,1994
1987,1972,1994
1988,1973,1994
1989,1971,1994
1990,1970,1994
1991,1970,1994
1992,1979,1994
1993,1971,2016
1994,1985,1994
1995,1995,2016
1996,1996,2012
1997,1984,1994
1998,2004,2005
1999,1992,1993
2000,1984,1994
2001,1985,1994
2002,1978,1994
2003,1984,1994
2004,1985,1993
2005,1983,1993
2006,1983,1990
2007,1985,1987
2008,1985,2016
2009,2004,2010
2010,2004,2010
2011,2009,2010
2012,2004,2010
2013,2005,2010
2014,2005,2010
2015,2009,2010
2016,2004,2010
2017,2008,2010
2018,2004,2010
2019,2008,2010
2020,2008,2010
2021,2009,2010
2022,2004,2010
2023,2004,2010
2024,2009,2010
2025,2004,2010
2026,2004,2010
2027,2005,2010
2028,2004,2010
2029,2005,2010
2030,2009,2010
2031,2004,2010
2032,2006,2010
2033,2005,2009
2034,2004,2010
2035,2007,2010
2036,2004,2010
2037,2008,2010
2038,2004,2010
2039,2007,2010
2040,2004,2010
2041,2009,2010
2042,2005,2010
2043,2004,2010
2044,1985,1990
2045,2011,2014
2046,2011,2014
2047,2011,2014
2048,2011,2014
2049,2011,2014
2050,2011,2014
2051,2011,2014
2052,2011,2014
2053,2011,2014
2054,2011,2014
2055,2011,2014
2056,2011,2014
2057,2011,2014
2058,2011,2014
2059,2011,2014
2060,2011,2014
2061,2011,2014
2062,2011,2014
2063,2011,2014
2064,2011,2014
2065,2011,2014
2066,2011,2014
2067,2011,2014
2068,2011,2014
2069,2011,2014
2070,2011,2014
2071,2011,2014
2072,2011,2014
2073,2011,2014
2074,2011,2014
2075,2011,2014
2076,2011,2014
2077,2011,2014
2078,2011,2014
2079,1970,1994
2080,1973,1994
2081,1970,1994
2082,1975,1994
2083,1978,1994
2084,1974,1994
2085,1974,1994
2086,1970,1994
2087,1970,1994
2088,1970,1994
2089,1971,1994
2090,1981,1993
2091,1974,2016
2092,1970,1981
2093,1982,1994
2094,1995,2016
2095,1970,1981
2096,1982,1994
2097,1995,2016
2098,2004,2010
2099,2004,2009
2100,2005,2009
2101,2008,2010
2102,2004,2010
2103,2008,2010
2104,2005,2009
2105,2008,2010
2106,2004,2010
2107,2006,2010
2108,2009,2010
2109,2006,2010
2110,2005,2007
2111,2004,2009
2112,2004,2010
2113,2006,2010
2114,2005,2008
2115,2004,2008
2116,1972,1984
2117,1995,2016
2118,2011,2014
2119,2011,2014
2120,2011,2014
2121,2011,2014
2122,2011,2014
2123,2011,2014
2124,2011,2014
2125,2011,2014
2126,2011,2014
2127,2006,2015
2128,2001,2015
2129,2007,2010
2130,2005,2007
2131,2007,2009
2132,2007,2008
2133,2008,2010
2134,2004,2006
2135,2004,2010
2136,2005,2008
2137,2007,2010
2138,2007,2008
2139,2007,2010
2140,2007,2010
2141,2005,2008
2142,2005,2010
2143,2004,2010
2144,2005,2010
2145,2011,2014
2146,2011,2014
2147,2011,2014
2148,2011,2014
2149,2011,2014
2150,2011,2014
2151,2011,2014
2152,2011,2014
2153,2006,2010
2154,2014,2015
2155,2001,2004
2156,2000,2003
2157,2001,2004
2158,2008,2012
2159,2008,2010
2160,2008,2009
2161,2011,2013
2162,2011,2013
2163,2010,2011
2164,2010,2011
2165,2010,2011
2166,2010,2011
2167,2010,2011
2168,2009,2013
2169,1999,2013
2170,2010,2013
2171,2001,2013
2172,2008,2009
2173,2008,2010
2174,2008,2009
2175,2009,2010
2176,2011,2014
2177,2011,2014
2178,2011,2014
2179,2005,2015
2180,1994,1998
2181,2005,2010
2182,2004,2010
2183,2004,2006
2184,2009,2010
2185,2005,2007
2186,2008,2010
2187,2005,2007
2188,2004,2010
2189,2006,2010
2190,2007,2010
2191,2006,2007
2192,2005,2008
2193,2004,2010
2194,1978,1991
2195,1978,1991
2196,1971,1994
2197,1970,1991
2198,1972,1994
2199,1976,1994
2200,1986,1994
2201,1970,1994
2202,1981,1994
2203,1976,1994
2204,1980,1994
2205,1972,1993
2206,1971,2016
2207,2011,2014
2208,2011,2014
2209,2006,2016
2210,2006,2016
2211,2002,2003
2212,1977,1982
2213,1978,1994
2214,1980,1994
2215,1974,1993
2216,1974,1987
2217,1982,1987
2218,1985,1994
2219,1978,1991
2220,1978,1991
2221,1970,1994
2222,1970,1994
2223,1971,1994
2224,1970,1994
2225,1971,1994
2226,1970,1994
2227,1973,1994
2228,1970,1994
2229,1970,1994
2230,1970,1994
2231,1970,1994
2232,1970,1994
2233,1971,2016
2234,1970,1981
2235,1982,1994
2236,1995,2016
2237,1970,1975
2238,1983,1991
2239,1995,2016
2240,1978,1987
2241,1978,1988
2242,1973,1988
2243,1970,1993
2244,1973,1993
2245,1973,1993
2246,1985,1994
2247,1972,1993
2248,1983,1993
2249,1983,1987
2250,2010,2011
2251,1988,1989
2252,1992,2011
2253,1992,2012
2254,1992,2011
2255,2004,2012
2256,2004,2005
2257,2004,2006
2258,1989,2012
2259,1965,1981
2260,1975,1988
2261,2008,2011
2262,1978,1985
2263,1985,1994
2264,1986,1994
2265,1984,1994
2266,1982,1990
2267,1979,1994
2268,1985,2015
2269,1985,1994
2270,1995,2016
2271,1995,2016
2272,1998,2009
2273,2007,2012
2274,2004,2005
2275,2004,2005
2276,2004,2010
2277,2005,2008
2278,2008,2010
2279,2004,2006
2280,2005,2008
2281,2007,2008
2282,2004,2005
2283,1970,1994
2284,2011,2014
2285,1983,1994
2286,1984,1994
2287,1983,1994
2288,1983,1994
2289,1971,1994
2290,1970,1994
2291,1970,1994
2292,1971,1994
2293,1981,1992
2294,1971,2016
2295,1970,1981
2296,1982,1994
2297,1995,2016
2298,1972,1981
2299,1982,1994
2300,1995,2016
2301,2007,2012
2302,2005,2010
2303,2004,2010
2304,2009,2010
2305,2004,2010
2306,2007,2010
2307,2005,2010
2308,2009,2010
2309,2004,2010
2310,2008,2010
2311,2004,2010
2312,2008,2010
2313,2008,2010
2314,2006,2010
2315,2004,2010
2316,2004,2010
2317,2009,2010
2318,2004,2010
2319,2004,2010
2320,2005,2010
2321,2004,2010
2322,2005,2010
2323,2009,2010
2324,2004,2010
2325,2006,2010
2326,2005,2009
2327,2004,2010
2328,2007,2010
2329,2004,2010
2330,2008,2010
2331,2004,2010
2332,2007,2010
2333,2004,2010
2334,2005,2010
2335,2004,2010
2336,2011,2014
2337,2011,2014
2338,2011,2014
2339,2011,2014
2340,2011,2014
2341,2011,2014
2342,2011,2014
2343,2011,2014
2344,2011,2014
2345,2011,2014
2346,2011,2014
2347,2011,2014
2348,2011,2014
2349,2011,2014
2350,2011,2014
2351,2011,2014
2352,2011,2014
2353,2011,2014
2354,2011,2014
2355,2011,2014
2356,2011,2014
2357,2011,2014
2358,2011,2014
2359,2011,2014
2360,2011,2014
2361,2011,2014
2362,2011,2014
2363,2011,2014
2364,2011,2014
2365,2011,2014
2366,2005,2015
2367,2003,2013
2368,2005,2015
2369,1978,1991
2370,1978,1984
2371,1979,1993
2372,1980,1986
2373,2007,2015
2374,2008,2014
2375,2006,2016
2376,2006,2012
2377,2009,2013
2378,2007,2011
2379,2014,2016
2380,1987,1990
2381,1987,1990
2382,1987,1990
2383,1987,1990
2384,1987,1990
2385,1987,1990
2386,1987,1990
2387,1987,1990
2388,1987,1990
2389,1987,1990
2390,1987,1990
2391,2003,2013
2392,1979,1988
2393,1978,1988
2394,1973,1993
2395,1970,1993
2396,1988,1994
2397,1971,1994
2398,1974,1991
2399,1973,1992
2400,1978,1990
2401,1978,1989
2402,1978,1991
2403,1977,1991
2404,1970,1994
2405,1970,1994
2406,1970,1994
2407,1970,1994
2408,1973,1994
2409,1970,1994
2410,1970,1994
2411,1973,1994
2412,1970,1994
2413,1970,1994
2414,1970,1994
2415,1970,1994
2416,1971,1992
2417,1971,2016
2418,1970,1981
2419,1983,1994
2420,1995,2016
2421,1995,2014
2422,1982,1987
2423,2007,2012
2424,2005,2015
2425,2005,2015
2426,2004,2016
2427,2008,2016
2428,2010,2014
2429,2007,2012
2430,2006,2016
2431,2006,2016
2432,2006,2016
2433,2006,2016
2434,1993,1996
2435,2008,2017
2436,1984,2003
2437,2005,2015
2438,2004,2016
2439,2012,2015
2440,2008,2012
2441,2013,2016
2442,2007,2014
2443,1985,2008
2444,2003,2004
2445,2006,2009
2446,2005,2007
2447,1973,1988
2448,1975,1986
2449,1984,1992
2450,1970,1994
2451,1982,1990
2452,1972,1987
2453,1970,1994
2454,1970,1994
2455,1986,1993
2456,1971,2016
2457,1970,1981
2458,1982,1994
2459,1995,2016
2460,1970,1980
2461,1984,1994
2462,1995,2016
2463,1979,1990
2464,1978,1989
2465,1979,1993
2466,2004,2009
2467,2005,2008
2468,2005,2010
2469,2005,2006
2470,2005,2009
2471,2004,2009
2472,2006,2009
2473,2009,2010
2474,1980,1987
2475,1970,1994
2476,1971,1993
2477,1979,1992
2478,1984,1993
2479,1974,2016
2480,1977,1981
2481,1982,1984
2482,1995,2016
2483,1996,2016
2484,2011,2014
2485,2011,2014
2486,2007,2013
2487,2003,2015
2488,2005,2015
2489,2004,2016
2490,2006,2016
2491,1988,2002
2492,1973,1985
2493,1999,2014
2494,2001,2014
2495,1985,2015
2496,2004,2015
2497,2004,2010
2498,1971,1973
2499,1990,1992
2500,2000,2004
2501,1997,2005
2502,1993,2005
2503,1995,1999
2504,1995,2000
2505,1995,2000
2506,1995,2000
2507,1994,1999
2508,1994,1999
2509,1994,1999
2510,1994,2000
2511,2000,2003
2512,2000,2001
2513,2013,2017
2514,2005,2011
2515,1983,2008
2516,1970,1980
2517,1974,1987
2518,1972,1990
2519,1970,1983
2520,1970,1983
2521,1970,1994
2522,1986,1993
2523,1970,1980
2524,2005,2013
2525,2005,2015
2526,2004,2016
2527,2007,2014
2528,2002,2016
2529,1970,1978
2530,1983,1994
2531,1995,2016
2532,2015,2017
2533,2014,2016
2534,2014,2016
2535,2007,2015
2536,2003,2013
2537,2006,2012
2538,2006,2016
2539,2006,2016
2540,2003,2015
2541,2005,2011
2542,2006,2016
2543,2008,2012
2544,2013,2016
2545,1972,2002
2546,1987,2017
2547,1984,2003
2548,2003,2015
2549,2003,2015
2550,2006,2014
2551,2005,2015
2552,2004,2016
2553,2006,2016
2554,2012,2015
2555,2004,2016
2556,2006,2016
2557,2012,2015
2558,2011,2012
2559,1995,2016
2560,1984,2012
2561,2001,2015
2562,2006,2012
2563,1999,2012
2564,1989,2012
2565,1965,1981
2566,2006,2015
2567,2008,2015
2568,2001,2015
2569,2007,2015
2570,2009,2013
2571,1978,1988
2572,1977,1991
2573,1970,1994
2574,1970,1993
2575,1970,1993
2576,1976,1994
2577,1972,1993
2578,1970,1994
2579,1972,1993
2580,1973,1989
2581,1983,1991
2582,1989,1991
2583,1979,1988
2584,1978,1987
2585,1971,1994
2586,1978,1994
2587,1979,1994
2588,1976,1994
2589,1982,1987
2590,1982,1987
2591,1985,1987
2592,1974,1987
2593,1974,1987
2594,1978,1990
2595,1970,1981
2596,1976,1994
2597,1982,1987
2598,1982,1986
2599,1985,1987
2600,2007,2012
2601,2007,2012
2602,1973,1994
2603,1973,1994
2604,2003,2013
2605,2008,2012
2606,2006,2016
2607,2012,2016
2608,2007,2012
2609,2007,2012
2610,2008,2012
2611,2007,2012
2612,1997,2016
2613,1981,1993
2614,1981,1994
2615,1981,1993
2616,1974,1994
2617,1980,1993
2618,1982,1987
2619,1975,1987
2620,1978,1988
2621,1978,1988
2622,1970,1994
2623,1970,1994
2624,1970,1994
2625,1974,1991
2626,1982,1987
2627,1985,1987
2628,2004,2010
2629,2007,2010
2630,2007,2010
2631,2008,2010
2632,2008,2009
2633,2004,2010
2634,2004,2010
2635,2009,2010
2636,2005,2010
2637,2006,2010
2638,2005,2010
2639,2004,2010
2640,2009,2010
2641,2007,2010
2642,2007,2010
2643,2006,2010
2644,2006,2010
2645,2006,2010
2646,2004,2010
2647,2011,2014
2648,2011,2014
2649,2011,2014
2650,2011,2014
2651,2011,2014
2652,2011,2014
2653,2011,2014
2654,2011,2014
2655,2006,2016
2656,2007,2014
2657,2004,2010
2658,2004,2010
2659,2004,2010
2660,2009,2010
2661,2005,2010
2662,2008,2010
2663,2004,2010
2664,2004,2010
2665,2005,2007
2666,2004,2010
2667,2005,2010
2668,2004,2010
2669,2006,2010
2670,2006,2010
2671,2007,2009
2672,2004,2010
2673,2007,2010
2674,2004,2007
2675,2004,2010
2676,2008,2010
2677,2007,2010
2678,2005,2010
2679,2004,2010
2680,1970,1994
2681,1971,1994
2682,1971,1993
2683,1984,1993
2684,1972,2016
2685,1972,1973
2686,1989,1993
2687,1995,2016
2688,1971,1979
2689,1982,1992
2690,1996,2016
2691,2011,2014
2692,2011,2014
2693,2011,2014
2694,2011,2014
2695,2011,2014
2696,2011,2014
2697,2011,2014
2698,2011,2014
2699,1996,2014
2700,2003,2007
2701,1978,1988
2702,1978,1991
2703,1970,1994
2704,1984,1988
2705,1984,1988
2706,1984,1988
2707,1984,1988
2708,1982,1992
2709,1974,1991
2710,1998,2009
2711,2005,2015
2712,2011,2013
2713,2011,2015
2714,2010,2016
2715,1978,1981
2716,1971,1985
2717,1971,1985
2718,1973,1991
2719,1975,1984
2720,1975,1986
2721,1984,1994
2722,1985,1994
2723,1970,1994
2724,1970,1994
2725,1970,1994
2726,1970,1994
2727,1970,1994
2728,1980,1985
2729,1980,1993
2730,1971,2016
2731,1971,1974
2732,1982,1994
2733,1995,2016
2734,1974,1978
2735,1982,1993
2736,1995,2016
2737,2005,2011
2738,1971,1991
2739,1977,1989
2740,1970,1993
2741,1980,1994
2742,1974,1994
2743,1991,1993
2744,1972,2014
2745,1982,1987
2746,1979,1993
2747,1973,1994
2748,1980,1993
2749,1984,1993
2750,1982,1994
2751,1995,2016
2752,1982,1994
2753,1995,2016
2754,1991,2012
2755,1987,1990
2756,1987,1990
2757,1987,1990
2758,1987,1990
2759,1987,1990
2760,1987,1990
2761,1987,1990
2762,1987,1990
2763,1987,1990
2764,1987,1990
2765,1987,1990
2766,2007,2012
2767,2005,2013
2768,2007,2008
2769,2011,2015
2770,2006,2016
2771,2006,2016
2772,2004,2005
2773,1978,1994
2774,1984,1993
2775,1985,2016
2776,1995,2016
2777,1972,1994
2778,1970,1994
2779,1972,1987
2780,1973,1994
2781,1970,1994
2782,1970,1994
2783,1970,1994
2784,1972,1994
2785,1980,1993
2786,1971,2016
2787,1970,1981
2788,1982,1994
2789,1995,2016
2790,1970,1981
2791,1982,1994
2792,1995,2016
2793,1971,2016
2794,1978,1988
2795,1975,1994
2796,1978,1994
2797,1974,1994
2798,1979,2004
2799,1971,2013
2800,2004,2010
2801,2006,2009
2802,2005,2010
2803,2008,2009
2804,2008,2010
2805,2004,2009
2806,2004,2005
2807,2004,2010
2808,2009,2010
2809,2006,2010
2810,2004,2010
2811,2005,2006
2812,2004,2009
2813,2011,2014
2814,2011,2014
2815,2011,2014
2816,2011,2014
2817,2011,2014
2818,2006,2017
2819,2006,2017
2820,2004,2010
2821,2004,2010
2822,2009,2010
2823,2004,2010
2824,2005,2010
2825,2005,2010
2826,2009,2010
2827,2004,2010
2828,2008,2010
2829,2004,2010
2830,2008,2010
2831,2008,2010
2832,2006,2010
2833,2004,2010
2834,2004,2010
2835,2009,2010
2836,2004,2010
2837,2004,2010
2838,2005,2010
2839,2004,2010
2840,2005,2010
2841,2009,2010
2842,2004,2010
2843,2006,2010
2844,2005,2009
2845,2004,2010
2846,2007,2010
2847,2004,2010
2848,2008,2010
2849,2004,2010
2850,2007,2010
2851,2004,2010
2852,2009,2010
2853,2005,2010
2854,2004,2010
2855,2011,2014
2856,2011,2014
2857,2011,2014
2858,2011,2014
2859,2011,2014
2860,2011,2014
2861,2011,2014
2862,2011,2014
2863,2011,2014
2864,2011,2014
2865,2011,2014
2866,2011,2014
2867,2011,2014
2868,2011,2014
2869,2011,2014
2870,2011,2014
2871,2011,2014
2872,2011,2014
2873,2011,2014
2874,2011,2014
2875,2011,2014
2876,2011,2014
2877,2011,2014
2878,2011,2014
2879,2011,2014
2880,2011,2014
2881,2011,2014
2882,2011,2014
2883,2011,2014
2884,2011,2014
2885,2011,2014
2886,2011,2014
2887,2011,2014
2888,2011,2014
2889,2006,2017
2890,2006,2017
2891,1984,2003
2892,2003,2015
2893,2005,2015
2894,2004,2016
2895,2006,2016
2896,2012,2015
2897,2012,2015
2898,2006,2016
2899,2004,2016
2900,2005,2017
2901,2003,2017
2902,1970,1994
2903,1956,2005
2904,1970,2002
2905,2003,2015
2906,2005,2015
2907,2004,2016
2908,2006,2016
2909,2012,2015
2910,2004,2016
2911,2006,2016
2912,2012,2015
2913,1959,2013
2914,1983,2008
2915,1983,2008
2916,1995,2010
2917,1974,2010
2918,1962,2011
2919,1950,2009
2920,1978,1999
2921,1958,2007
2922,1983,2015
2923,1970,2011
2924,1974,2010
2925,1983,2011
2926,1970,2011
2927,1970,2002
2928,1980,2008
2929,1978,1991
2930,1978,1991
2931,1970,1994
2932,1970,1994
2933,1970,1994
2934,1970,1994
2935,1971,1994
2936,1970,1994
2937,1970,1994
2938,1972,1994
2939,1970,1994
2940,1970,1994
2941,1970,1994
2942,1970,1994
2943,1970,1994
2944,1971,1994
2945,1980,1993
2946,1971,2016
2947,1970,1981
2948,1982,1994
2949,1995,2016
2950,1970,1981
2951,1982,1994
2952,1995,2016
2953,2007,2016
2954,2015,2017
2955,1992,2016
2956,1992,2016
2957,1992,2016
2958,2014,2016
2959,2014,2016
2960,2014,2016
2961,1993,1997
2962,2004,2010
2963,2004,2010
2964,2009,2010
2965,2004,2010
2966,2005,2010
2967,2005,2010
2968,2009,2010
2969,2004,2010
2970,2008,2010
2971,2004,2010
2972,2008,2010
2973,2008,2010
2974,2006,2010
2975,2004,2010
2976,2004,2010
2977,2009,2010
2978,2004,2010
2979,2004,2010
2980,2005,2010
2981,2004,2010
2982,2005,2010
2983,2009,2010
2984,2004,2010
2985,2006,2010
2986,2005,2009
2987,2004,2010
2988,2007,2010
2989,2004,2010
2990,2008,2010
2991,2004,2010
2992,2007,2010
2993,2004,2010
2994,2009,2010
2995,2005,2010
2996,2004,2010
2997,1986,1994
2998,1988,1994
2999,1972,1994
3000,1979,1983
3001,1972,2016
3002,2011,2014
3003,2011,2014
3004,2011,2014
3005,2011,2014
3006,2011,2014
3007,2011,2014
3008,2011,2014
3009,2011,2014
3010,2011,2014
3011,2011,2014
3012,2011,2014
3013,2011,2014
3014,2011,2014
3015,2011,2014
3016,2011,2014
3017,2011,2014
3018,2011,2014
3019,2011,2014
3020,2011,2014
3021,2011,2014
3022,2011,2014
3023,2011,2014
3024,2011,2014
3025,2011,2014
3026,2011,2014
3027,2011,2014
3028,2011,2014
3029,2011,2014
3030,2011,2014
3031,2011,2014
3032,2011,2014
3033,2011,2014
3034,2011,2014
3035,2008,2017
3036,2008,2017
3037,2005,2016
3038,2005,2016
3039,2005,2016
3040,2005,2016
3041,1971,2016
3042,1995,2017
3043,2002,2011
3044,1993,2013
3045,1983,1993
3046,1987,2011
3047,1987,2011
3048,1987,2011
3049,1983,2013
3050,1970,1994
3051,1970,1994
3052,1970,1994
3053,1970,1994
3054,1971,1994
3055,1970,1994
3056,1970,1994
3057,1972,1994
3058,1970,1994
3059,1970,1994
3060,1970,1994
3061,1970,1994
3062,1970,1994
3063,1971,1994
3064,1971,2016
3065,1970,1981
3066,1982,1994
3067,1995,2016
3068,2014,2016
3069,2014,2016
3070,1984,2003
3071,2003,2015
3072,2005,2015
3073,2004,2016
3074,2006,2016
3075,2012,2015
3076,2004,2016
3077,2006,2016
3078,2012,2015
3079,2005,2015
3080,2013,2016
3081,2003,2015
3082,2007,2015
3083,2007,2016
3084,1989,2003
3085,2003,2015
3086,2005,2015
3087,2004,2016
3088,2008,2012
3089,2013,2016
3090,2004,2016
3091,2001,2006
3092,2012,2015
3093,2012,2015
3094,1984,2003
3095,2003,2015
3096,2005,2015
3097,2004,2016
3098,2008,2010
3099,2012,2015
3100,2004,2016
3101,2012,2015
3102,1970,2010
3103,1987,2010
3104,1960,2010
3105,1978,2009
3106,1983,2010
3107,1967,2010
3108,1979,2003
3109,1978,1991
3110,1977,1991
3111,1970,1993
3112,1970,1993
3113,1970,1993
3114,1970,1993
3115,1972,1993
3116,1970,1993
3117,1970,1993
3118,1972,1993
3119,1970,1993
3120,1970,1993
3121,1970,1993
3122,1970,1993
3123,1970,1993
3124,1971,1993
3125,1984,1993
3126,1971,2016
3127,1970,1981
3128,1982,1994
3129,1995,2016
3130,1970,1981
3131,1982,1994
3132,1995,2016
3133,2014,2016
3134,2014,2016
3135,1985,2012
3136,1990,2012
3137,1998,2010
3138,1978,1988
3139,1978,1988
3140,1974,1994
3141,1973,1994
3142,1971,1993
3143,1970,1994
3144,1971,1994
3145,1970,1994
3146,1971,1994
3147,1973,1994
3148,1980,1994
3149,1977,1994
3150,1970,1994
3151,1970,1994
3152,1970,1994
3153,1979,1990
3154,1980,1992
3155,1980,2016
3156,1970,1981
3157,1982,1994
3158,1995,2016
3159,1970,1981
3160,1982,1994
3161,1995,2016
3162,2014,2016
3163,1984,2003
3164,2003,2015
3165,2005,2015
3166,2004,2016
3167,2006,2016
3168,2004,2016
3169,2006,2016
3170,2002,2007
3171,2003,2015
3172,2005,2015
3173,2004,2016
3174,2006,2016
3175,2012,2015
3176,2004,2016
3177,2006,2016
3178,2012,2015
3179,2003,2015
3180,2005,2015
3181,2004,2016
3182,2012,2015
3183,2004,2016
3184,2012,2015
3185,1984,2003
3186,2003,2013
3187,2005,2015
3188,2006,2016
3189,2002,2003
3190,1970,2016
3191,1972,2017
3192,2001,2007
3193,1995,2016
3194,2000,2007
3195,1995,2016
3196,2004,2010
3197,1971,1974
3198,1997,2005
3199,1993,2005
3200,2000,2001
3201,1999,2016
3202,1950,2001
3203,1970,2001
3204,2003,2015
3205,2005,2015
3206,2004,2016
3207,2012,2015
3208,1970,2012
3209,2004,2016
3210,2012,2015
3211,1984,2012
3212,2006,2012
3213,1992,2012
3214,2006,2014
3215,2008,2015
3216,2001,2015
3217,2001,2015
3218,2006,2012
3219,1993,2012
3220,2006,2015
3221,2008,2015
3222,2001,2015
3223,2001,2015
3224,2005,2015
3225,2012,2015
3226,2012,2015
3227,2016,2017
3228,1981,1983
3229,1989,1994
3230,1989,1994
3231,1989,1994
3232,1993,1994
3233,1996,1997
3234,1996,1997
3235,1996,1997
3236,1987,1996
3237,1977,2008
3238,1962,1975
3239,1987,1994
3240,1977,2001
3241,1977,2001
3242,1999,2014
3243,1970,1994
3244,2004,2006
3245,1984,1990
3246,1978,1993
3247,1970,1994
3248,1980,1993
3249,1970,1981
3250,1982,1994
3251,1995,2016
3252,1970,1981
3253,1983,1994
3254,1995,2016
3255,2015,2017
3256,2014,2016
3257,2014,2016
3258,2001,2003
3259,2001,2006
3260,2001,2006
3261,1970,2002
3262,1974,1991
3263,1977,1994
3264,1972,1994
3265,1979,1994
3266,1970,1994
3267,1979,1994
3268,1970,1994
3269,1970,1994
3270,1970,1994
3271,1980,1993
3272,1971,2016
3273,1970,1981
3274,1982,1994
3275,1995,2016
3276,1970,1981
3277,1982,1994
3278,1995,2016
3279,1970,1981
3280,1982,1994
3281,1995,2016
3282,2014,2016
3283,2014,2016
3284,2015,2017
3285,2001,2006
3286,2001,2006
3287,1971,2002
3288,2008,2009
3289,1975,1989
3290,1970,1994
3291,1970,1994
3292,1970,1994
3293,1972,1994
3294,1978,1994
3295,1970,1994
3296,1970,1994
3297,1970,1994
3298,1970,1994
3299,1970,1994
3300,1980,1993
3301,1971,2016
3302,1970,1981
3303,1982,1994
3304,1995,2016
3305,1970,1981
3306,1982,1994
3307,1995,2016
3308,2014,2016
3309,2014,2016
3310,2015,2017
3311,1995,2005
3312,1995,2004
3313,1995,2006
3314,1985,1993
3315,1985,1993
3316,1990,1991
3317,2005,2013
3318,2005,2017
3319,2004,2005
3320,2005,2013
3321,2006,2013
3322,2005,2013
3323,2009,2011
3324,1995,2005
3325,1995,2004
3326,1995,2006
3327,1992,1994
3328,1992,1994
3329,1992,1994
3330,1985,1990
3331,1985,1990
3332,1991,1994
3333,1999,2017
3334,1999,2005
3335,2001,2017
3336,1999,2017
3337,2001,2017
3338,1999,2017
3339,2001,2017
3340,2001,2017
3341,2003,2017
3342,2000,2017
3343,2009,2011
3344,1998,1999
3345,1995,2005
3346,1995,2004
3347,1995,2006
3348,2000,2006
3349,1991,1994
3350,1999,2016
3351,2000,2005
3352,1999,2016
3353,1999,2016
3354,1999,2016
3355,2005,2017
3356,2000,2016
3357,2000,2017
3358,2012,2016
3359,2002,2016
3360,1970,1994
3361,1977,2000
3362,1977,2000
3363,1970,1994
3364,1971,1994
3365,1970,1994
3366,1970,1994
3367,1973,1993
3368,1972,1994
3369,1971,1994
3370,1970,1994
3371,1970,1994
3372,1971,1994
3373,1981,1993
3374,1974,2015
3375,1970,1981
3376,1982,1994
3377,1995,2016
3378,1970,1981
3379,1982,1994
3380,1995,2016
3381,2014,2016
3382,2014,2016
3383,1993,2004
3384,1992,2011
3385,1991,2012
3386,2003,2015
3387,2005,2015
3388,2004,2016
3389,2006,2016
3390,2004,2016
3391,2003,2015
3392,2005,2015
3393,2004,2016
3394,2006,2016
3395,2012,2015
3396,2004,2016
3397,2012,2015
3398,2003,2015
3399,2005,2015
3400,2004,2016
3401,2012,2015
3402,2004,2016
3403,2012,2015
3404,1984,2003
3405,2003,2015
3406,2005,2015
3407,2004,2016
3408,2006,2016
3409,2012,2015
3410,2004,2016
3411,2006,2016
3412,2012,2015
3413,1997,2011
3414,1995,2004
3415,1978,1994
3416,1978,1991
3417,1977,1991
3418,1970,1994
3419,1970,1994
3420,1970,1993
3421,1970,1994
3422,1974,1994
3423,1982,1990
3424,1998,2006
3425,1971,1982
3426,1985,1995
3427,1996,2015
3428,1971,1982
3429,1984,1995
3430,1996,2015
3431,1978,1982
3432,1991,1995
3433,1996,2015
3434,1976,1983
3435,1984,1995
3436,1998,2013
3437,1978,1988
3438,1996,1999
3439,1978,1991
3440,1996,2015
3441,1977,1994
3442,1995,2015
3443,1977,1994
3444,1995,2015
3445,1981,1994
3446,1995,2015
3447,1990,1994
3448,1995,2015
3449,1991,1994
3450,1995,2015
3451,1970,1994
3452,1995,2012
3453,1981,1994
3454,1978,1991
3455,1970,1994
3456,1970,1994
3457,1973,1985
3458,1970,1994
3459,1971,1994
3460,1970,1994
3461,1970,1994
3462,1973,1994
3463,1970,1994
3464,1970,1994
3465,1970,1994
3466,1970,1994
3467,1972,1994
3468,1981,1993
3469,1971,2016
3470,1970,1981
3471,1982,1994
3472,1995,2016
3473,1970,1981
3474,1982,1994
3475,1995,2016
3476,2015,2017
3477,2014,2016
3478,2014,2016
3479,1970,2016
3480,2007,2016
3481,1970,2016
3482,2007,2016
3483,1970,2010
3484,1996,2013
3485,1973,1995
3486,1996,2004
3487,1973,1995
3488,1950,1987
3489,1970,2010
3490,1970,1977
3491,1970,1984
3492,1972,1993
3493,1970,1994
3494,1971,1994
3495,1970,1994
3496,1970,1994
3497,1972,1993
3498,1970,1994
3499,1970,1994
3500,1970,1994
3501,1970,1994
3502,1970,1994
3503,1971,1991
3504,1980,1993
3505,1971,2016
3506,1970,1981
3507,1982,1994
3508,1995,2016
3509,1970,1981
3510,1982,1994
3511,1995,2016
3512,2015,2017
3513,1970,2016
3514,1970,2016
3515,2014,2016
3516,2014,2016
3517,1974,1992
3518,1979,1993
3519,1975,1990
3520,2014,2016
3521,1987,2003
3522,2003,2015
3523,2005,2015
3524,2004,2016
3525,2006,2016
3526,2012,2015
3527,2004,2016
3528,2006,2016
3529,2012,2015
3530,1984,2003
3531,2003,2015
3532,2005,2015
3533,2004,2016
3534,2012,2015
3535,1984,2012
3536,2001,2015
3537,2006,2012
3538,1992,2012
3539,1988,1997
3540,2006,2010
3541,2001,2015
3542,1984,2012
3543,2006,2012
3544,1995,2012
3545,1975,1976
3546,2006,2015
3547,2008,2015
3548,2001,2015
3549,2001,2015
3550,1984,2003
3551,2003,2015
3552,2005,2015
3553,2004,2016
3554,2006,2016
3555,2012,2015
3556,2004,2016
3557,2006,2016
3558,2012,2015
3559,2016,2017
3560,1997,2011
3561,1995,1997
3562,1987,1992
3563,1973,1977
3564,1971,1973
3565,1978,1981
3566,1993,2002
3567,1993,2002
3568,2008,2010
3569,1984,2000
3570,2000,2011
3571,2000,2011
3572,2000,2011
3573,2000,2011
3574,2004,2010
3575,2004,2007
3576,2008,2009
3577,2011,2014
3578,2006,2017
3579,2008,2017
3580,1970,2007
3581,2001,2003
3582,2001,2006
3583,2001,2006
3584,1977,1991
3585,1973,1984
3586,1970,1994
3587,1973,1994
3588,1973,1993
3589,1970,1994
3590,1972,1994
3591,1976,1992
3592,1970,1994
3593,1970,1994
3594,1970,1994
3595,1970,1994
3596,1970,1994
3597,1971,1993
3598,1980,1993
3599,1971,2016
3600,1970,1981
3601,1982,1994
3602,1995,2016
3603,1970,1981
3604,1982,1994
3605,1995,2016
3606,2014,2016
3607,2014,2016
3608,1971,1994
3609,2005,2008
3610,2005,2008
3611,1978,1992
3612,1975,1990
3613,1972,1994
3614,1970,1994
3615,1972,1994
3616,1972,1994
3617,1970,1994
3618,1971,1994
3619,1972,1994
3620,1972,1994
3621,1973,1994
3622,1971,2016
3623,1970,1981
3624,1983,1993
3625,1995,2016
3626,1970,1981
3627,1982,1988
3628,1995,2016
3629,2008,2015
3630,2006,2017
3631,2006,2017
3632,2001,2013
3633,1980,1987
3634,1995,1996
3635,1992,2012
3636,2007,2012
3637,2001,2012
3638,2012,2017
3639,2012,2017
3640,1995,2006
3641,1995,2009
3642,2001,2011
3643,1987,1999
3644,1997,2000
3645,2005,2016
3646,1994,2014
3647,1994,2014
3648,1997,2014
3649,1994,2014
3650,1994,2014
3651,1994,2014
3652,1994,2014
3653,1994,2014
3654,1994,2014
3655,1994,2014
3656,1994,2014
3657,1994,2014
3658,1994,2014
3659,2014,2017
3660,2002,2012
3661,2001,2011
3662,1983,2005
3663,1996,1997
3664,1996,1997
3665,1995,1997
3666,1987,1999
3667,1997,2000
3668,2005,2016
3669,1970,2014
3670,2008,2014
3671,1987,2014
3672,1987,2014
3673,1987,2014
3674,1990,2014
3675,1990,2014
3676,1987,2014
3677,1987,2014
3678,2009,2017
3679,1970,1982
3680,1951,1993
3681,2003,2013
3682,1954,2014
3683,1954,2014
3684,1955,2013
3685,1955,2013
3686,1955,2013
3687,2005,2014
3688,2005,2014
3689,2008,2012
3690,2006,2009
3691,2005,2014
3692,2005,2014
3693,2005,2014
3694,1953,1977
3695,1953,1977
3696,1984,2006
3697,1972,2006
3698,1984,1994
3699,1971,2008
3700,1960,1992
3701,1980,2002
3702,2003,2015
3703,2006,2016
3704,1954,2014
3705,1954,2014
3706,1954,2013
3707,2005,2008
3708,2005,2014
3709,2005,2014
3710,2005,2014
3711,2005,2014
3712,2005,2014
3713,2005,2013
3714,2006,2016
3715,1997,2006
3716,1970,1974
3717,1998,2001
3718,1984,2001
3719,1975,2001
3720,1975,2001
3721,1971,1996
3722,1954,2014
3723,1954,2014
3724,1954,2014
3725,1954,2014
3726,2009,2017
3727,1998,2016
3728,1977,2016
3729,1998,2015
3730,2005,2013
3731,2005,2014
3732,2005,2014
3733,2005,2014
3734,2005,2014
3735,2005,2014
3736,2005,2014
3737,1977,2019
3738,1996,2007
3739,1996,2003
3740,1996,2007
3741,1996,2007
3742,1970,2002
3743,1950,1992
3744,1950,1994
3745,1951,1995
3746,1950,1994
3747,1966,1993
3748,1950,1994
3749,1950,1993
3750,1950,1994
3751,1950,1993
3752,1950,1993
3753,1950,1993
3754,1950,1993
3755,1950,2014
3756,2005,2013
3757,1960,2014
3758,1961,2014
3759,1960,2013
3760,1960,2014
3761,1960,2014
3762,1960,2013
3763,2000,2014
3764,1965,2003
3765,1960,2014
3766,1960,2014
3767,1960,2014
3768,1960,2014
3769,1960,2014
3770,1987,2011
3771,1960,2014
3772,1960,2014
3773,1960,2012
3774,1960,2014
3775,2001,2012
3776,1976,2013
3777,2005,2013
3778,2005,2012
3779,2005,2014
3780,2005,2014
3781,2005,2014
3782,2005,2014
3783,2005,2013
3784,1995,2009
3785,1960,2008
3786,1997,2008
3787,1971,2008
3788,1981,2005
3789,1969,2010
3790,1969,2008
3791,1969,2008
3792,1970,2000
3793,1983,2001
3794,1998,1999
3795,1951,1993
3796,2004,2013
3797,2005,2015
3798,2004,2016
3799,1985,2001
3800,1985,2011
3801,1985,2012
3802,1985,2013
3803,1985,2014
3804,1985,2014
3805,1985,2006
3806,1964,2015
3807,1967,2014
3808,1987,2015
3809,1967,2014
3810,2005,2008
3811,2005,2013
3812,2005,2010
3813,2005,2014
3814,2005,2014
3815,2005,2014
3816,2005,2014
3817,2005,2014
3818,1995,2018
3819,1995,2018
3820,1995,2018
3821,1995,2018
3822,1995,2018
3823,1950,2010
3824,1950,2010
3825,1950,2010
3826,1950,2010
3827,2003,2015
3828,2005,2015
3829,2004,2016
3830,2006,2016
3831,2012,2015
3832,2012,2015
3833,2006,2016
3834,2004,2016
3835,2008,2012
3836,2013,2016
3837,2005,2017
3838,2003,2017
3839,1977,2015
3840,2002,2017
3841,2001,2003
3842,2001,2006
3843,2001,2006
3844,1970,1971
3845,2004,2010
3846,2004,2010
3847,2005,2010
3848,2009,2010
3849,2005,2010
3850,2007,2010
3851,2008,2010
3852,2008,2010
3853,2004,2007
3854,2004,2009
3855,2004,2010
3856,2009,2010
3857,2006,2010
3858,2008,2009
3859,2004,2010
3860,2008,2009
3861,2004,2009
3862,2009,2010
3863,2004,2010
3864,2007,2009
3865,2005,2010
3866,2009,2010
3867,2009,2010
3868,2004,2005
3869,1970,1994
3870,1991,1993
3871,1989,1992
3872,1971,1994
3873,1971,2016
3874,2011,2014
3875,2009,2011
3876,2006,2017
3877,1950,1996
3878,1977,2017
3879,1977,2017
3880,1977,2016
3881,1977,2017
3882,1984,2014
3883,2008,2011
3884,2013,2016
3885,1950,2001
3886,1970,2001
3887,2003,2015
3888,2005,2015
3889,2004,2016
3890,2006,2016
3891,2012,2015
3892,2004,2016
3893,2006,2016
3894,2012,2015
3895,1984,2012
3896,2006,2012
3897,1992,2012
3898,1992,2012
3899,2006,2012
3900,2002,2012
3901,1978,1989
3902,1950,1983
3903,2006,2015
3904,2008,2015
3905,2001,2015
3906,2001,2015
3907,1992,2012
3908,2016,2018
3909,1997,2011
3910,1994,1997
3911,1995,1997
3912,1981,1984
3913,1987,1992
3914,2005,2010
3915,2005,2007
3916,1973,1977
3917,2002,2004
3918,2002,2004
3919,2002,2004
3920,1999,2005
3921,1994,1998
3922,1993,2002
3923,1993,2002
3924,1987,1997
3925,1987,1997
3926,1972,1991
3927,1971,2016
3928,1994,2017
3929,2001,2011
3930,1994,2017
3931,2002,2003
3932,1984,2003
3933,2005,2015
3934,2004,2016
3935,2012,2015
3936,2012,2015
3937,1990,1995
3938,1998,2012
3939,2004,2015
3940,2004,2015
3941,2004,2015
3942,2011,2013
3943,2006,2014
3944,1998,2002
3945,2003,2004
3946,1995,2002
3947,2006,2007
3948,2007,2016
3949,2011,2015
3950,2008,2016
3951,2010,2016
3952,2008,2014
3953,2009,2015
3954,2008,2016
3955,2008,2016
3956,2009,2015
3957,2011,2015
3958,2004,2018
3959,1984,2003
3960,2003,2015
3961,2005,2015
3962,2004,2016
3963,2004,2016
3964,1970,2016
3965,2004,2018
3966,1982,2008
3967,1996,2004
3968,1972,1995
3969,1972,1983
3970,1997,2013
3971,1974,2008
3972,1982,2006
3973,1970,1994
3974,1972,1994
3975,1970,1994
3976,1971,1994
3977,1973,1994
3978,1972,1994
3979,1970,1994
3980,1972,1994
3981,1970,1994
3982,1970,1994
3983,1972,1994
3984,1980,1993
3985,1972,2016
3986,1970,1981
3987,1982,1994
3988,1995,2016
3989,1970,1981
3990,1982,1994
3991,1995,2016
3992,1984,1995
3993,1996,2013
3994,2014,2016
3995,2015,2017
3996,2014,2016
3997,2006,2012
3998,1992,2012
3999,2006,2014
4000,2008,2015
4001,2001,2015
4002,2001,2015
4003,2008,2012
4004,2012,2015
4005,2012,2015
4006,1994,2007
4007,2014,2017
4008,2007,2015
4009,1984,2003
4010,2004,2011
4011,2005,2015
4012,2004,2016
4013,1998,1999
4014,1995,2004
4015,1995,2006
4016,1999,2017
4017,2001,2003
4018,1999,2016
4019,1999,2012
4020,1999,2016
4021,1999,2016
4022,1999,2016
4023,2003,2004
4024,2004,2012
4025,2001,2017
4026,2001,2017
4027,2002,2017
4028,1999,2006
4029,2001,2003
4030,2001,2006
4031,2001,2006
4032,1971,2011
4033,2004,2010
4034,2004,2010
4035,2009,2010
4036,2004,2010
4037,2005,2010
4038,2005,2010
4039,2009,2010
4040,2004,2010
4041,2008,2010
4042,2004,2010
4043,2004,2010
4044,2004,2010
4045,2009,2010
4046,2004,2010
4047,2004,2010
4048,2005,2010
4049,2004,2010
4050,2005,2010
4051,2009,2010
4052,2004,2010
4053,2006,2010
4054,2005,2009
4055,2004,2010
4056,2007,2010
4057,2004,2010
4058,2009,2010
4059,2004,2010
4060,2007,2010
4061,2004,2010
4062,2009,2010
4063,2005,2010
4064,2004,2010
4065,1980,1994
4066,1989,1994
4067,1980,1993
4068,1970,1994
4069,1977,1991
4070,1970,1994
4071,1970,1994
4072,1971,1990
4073,1980,1993
4074,1971,2016
4075,1970,1981
4076,1982,1994
4077,1995,2016
4078,1970,1981
4079,1982,1994
4080,1995,2016
4081,2011,2014
4082,2011,2014
4083,2011,2014
4084,2011,2014
4085,2011,2014
4086,2011,2014
4087,2011,2014
4088,2011,2014
4089,2011,2014
4090,2011,2014
4091,2011,2014
4092,2011,2014
4093,2011,2014
4094,2011,2014
4095,2011,2014
4096,2011,2014
4097,2011,2014
4098,2011,2014
4099,2014,2016
4100,2014,2016
4101,1993,1997
4102,2004,2010
4103,2004,2010
4104,2009,2010
4105,2004,2010
4106,2005,2010
4107,2005,2010
4108,2009,2010
4109,2004,2010
4110,2008,2010
4111,2004,2010
4112,2008,2010
4113,2008,2010
4114,2006,2010
4115,2004,2010
4116,2004,2010
4117,2009,2010
4118,2004,2010
4119,2004,2010
4120,2005,2010
4121,2004,2010
4122,2005,2010
4123,2009,2010
4124,2004,2010
4125,2006,2010
4126,2005,2009
4127,2004,2010
4128,2007,2009
4129,2004,2010
4130,2008,2010
4131,2004,2010
4132,2007,2010
4133,2004,2010
4134,2009,2010
4135,2005,2010
4136,2004,2010
4137,2011,2014
4138,2011,2014
4139,2011,2014
4140,2011,2014
4141,2011,2014
4142,2011,2014
4143,2011,2014
4144,2011,2014
4145,2011,2014
4146,2011,2014
4147,2011,2014
4148,2011,2014
4149,2011,2014
4150,2011,2014
4151,2011,2014
4152,2011,2014
4153,2011,2014
4154,2011,2014
4155,2011,2014
4156,2011,2014
4157,2011,2014
4158,2011,2014
4159,2011,2014
4160,2011,2014
4161,2011,2014
4162,2011,2014
4163,2011,2014
4164,2011,2014
4165,2011,2014
4166,2011,2014
4167,2008,2017
4168,2010,2017
4169,1984,2003
4170,2003,2015
4171,2005,2015
4172,2004,2016
4173,2006,2016
4174,2012,2015
4175,2004,2016
4176,2006,2016
4177,2012,2015
4178,2008,2017
4179,2007,2008
4180,1995,2008
4181,2001,2008
4182,1994,2008
4183,1998,2008
4184,2003,2008
4185,1994,2008
4186,1998,2008
4187,2001,2008
4188,1994,2008
4189,2007,2008
4190,1997,2008
4191,1986,2007
4192,1972,1997
4193,1961,2001
4194,1994,1997
4195,1992,2002
4196,1999,2002
4197,1992,2002
4198,1994,2004
4199,1995,2004
4200,1995,2004
4201,1997,2002
4202,1997,2004
4203,1996,2004
4204,1994,2004
4205,1994,2002
4206,1996,2002
4207,1996,2002
4208,1995,2002
4209,1995,2002
4210,1993,1998
4211,1980,1993
4212,1961,1997
4213,1961,1997
4214,1975,2013
4215,1983,2008
4216,1980,2016
4217,1980,2016
4218,1967,1974
4219,1978,1980
4220,1982,1994
4221,1968,1980
4222,1982,2008
4223,1987,2014
4224,1987,2014
4225,1987,2014
4226,1987,2014
4227,1987,2014
4228,1987,2014
4229,1987,2014
4230,1996,2001
4231,1980,2015
4232,1987,2015
4233,1986,2015
4234,2000,2013
4235,2006,2012
4236,1972,2010
4237,1970,2015
4238,1971,2011
4239,1996,2011
4240,2005,2015
4241,1985,1995
4242,1995,2002
4243,1984,1991
4244,1987,2015
4245,1991,2014
4246,1995,2014
4247,1985,2007
4248,1985,2014
4249,1982,2014
4250,1988,1995
4251,1987,2007
4252,1987,2013
4253,2004,2016
4254,2012,2015
4255,2008,2012
4256,2013,2016
4257,2012,2015
4258,1994,2010
4259,1980,1992
4260,1971,1981
4261,1969,1981
4262,1950,1989
4263,1984,1992
4264,1968,1991
4265,2015,2016
4266,2015,2016
4267,2015,2016
4268,2015,2016
4269,2015,2016
4270,2015,2016
4271,2015,2016
4272,2015,2016
4273,2015,2016
4274,2015,2016
4275,2015,2016
4276,2015,2016
4277,1987,2014
4278,1994,2017
4279,2004,2010
4280,2009,2010
4281,2009,2010
4282,2004,2010
4283,2005,2010
4284,2005,2009
4285,2007,2008
4286,2005,2009
4287,2008,2009
4288,2004,2010
4289,2008,2009
4290,2007,2009
4291,2011,2014
4292,2011,2014
4293,2015,2016
4294,2010,2015
4295,2010,2013
4296,2010,2015
4297,2012,2015
4298,2010,2014
4299,2010,2015
4300,2010,2015
4301,2010,2015
4302,2010,2015
4303,2010,2015
4304,2010,2015
4305,2010,2014
4306,2006,2017
4307,1992,2012
4308,1992,2012
4309,2010,2018
4310,2001,2007
4311,1984,2012
4312,1992,2012
4313,1992,2012
4314,2003,2012
4315,1987,2012
4316,1965,1981
4317,1976,1988
4318,1971,1992
4319,1977,1990
4320,1977,1991
4321,1974,1988
4322,1974,1991
4323,1970,1988
4324,1960,1988
4325,1961,1988
4326,2006,2015
4327,2008,2015
4328,2001,2015
4329,2001,2015
4330,2006,2012
4331,2005,2009
4332,2004,2010
4333,2012,2015
4334,2005,2017
4335,1963,1995
4336,2003,2015
4337,2005,2015
4338,2004,2016
4339,2006,2016
4340,2004,2016
4341,2006,2016
4342,2008,2010
4343,2004,2015
4344,2006,2016
4345,2006,2016
4346,2006,2016
4347,1997,2005
4348,1997,2005
4349,1997,2005
4350,2003,2015
4351,2005,2015
4352,2004,2016
4353,2006,2016
4354,1967,1995
4355,1980,2001
4356,1999,2013
4357,2003,2013
4358,2004,2014
4359,1997,2012
4360,2004,2016
4361,2006,2016
4362,2003,2015
4363,2007,2015
4364,2004,2016
4365,2006,2016
4366,2004,2016
4367,2006,2016
4368,1950,2014
4369,2003,2015
4370,2005,2015
4371,2004,2016
4372,2006,2016
4373,2006,2016
4374,2004,2016
4375,2005,2017
4376,2003,2017
4377,1987,2003
4378,2007,2013
4379,2005,2015
4380,2004,2016
4381,2012,2015
4382,2008,2012
4383,2013,2016
4384,2012,2015
4385,1996,2006
4386,2003,2015
4387,2005,2015
4388,2004,2016
4389,2006,2016
4390,2004,2016
4391,2006,2016
4392,2003,2015
4393,2005,2015
4394,2004,2016
4395,2006,2016
4396,2012,2015
4397,2004,2016
4398,2006,2016
4399,2012,2015
4400,1989,2003
4401,2003,2015
4402,2005,2015
4403,2004,2016
4404,2006,2016
4405,2012,2015
4406,2004,2016
4407,2006,2016
4408,2012,2015
4409,1987,1995
4410,2003,2015
4411,2005,2015
4412,2004,2016
4413,2006,2016
4414,2004,2016
4415,2006,2016
4416,1978,2009
4417,1991,2010
4418,1991,2010
4419,1984,2015
4420,1984,2003
4421,2003,2015
4422,2005,2015
4423,2004,2016
4424,2006,2016
4425,2008,2010
4426,2015,2016
4427,2004,2016
4428,2006,2016
4429,2003,2015
4430,2004,2016
4431,2006,2016
4432,2004,2016
4433,2006,2016
4434,1986,1992
4435,2003,2015
4436,2005,2015
4437,2004,2016
4438,2012,2015
4439,2009,2012
4440,2013,2016
4441,2004,2016
4442,2012,2015
4443,2003,2004
4444,2005,2015
4445,2008,2012
4446,2013,2016
4447,1978,2009
4448,1991,2010
4449,1991,2010
4450,1978,1991
4451,1977,1991
4452,1970,1994
4453,1970,1994
4454,1970,1994
4455,1970,1994
4456,1971,1994
4457,1970,1994
4458,1971,1994
4459,1972,1994
4460,1972,1994
4461,1977,1994
4462,1970,1994
4463,1984,2015
4464,2005,2013
4465,2008,2014
4466,2013,2016
4467,2005,2013
4468,2005,2013
4469,2006,2012
4470,2008,2009
4471,2013,2016
4472,1984,2000
4473,1966,1995
4474,1980,2001
4475,2003,2015
4476,2005,2015
4477,2004,2016
4478,2006,2016
4479,2004,2016
4480,2006,2016
4481,1967,1984
4482,1999,2009
4483,1975,2009
4484,1970,2009
4485,2003,2015
4486,2005,2015
4487,2004,2016
4488,2006,2016
4489,2004,2016
4490,2006,2016
4491,1987,1998
4492,2003,2015
4493,2005,2015
4494,2004,2016
4495,2006,2016
4496,2004,2016
4497,2006,2016
4498,1967,1994
4499,2003,2015
4500,2009,2015
4501,2004,2016
4502,2006,2016
4503,2004,2016
4504,2006,2016
4505,1984,2003
4506,1995,2004
4507,2003,2015
4508,2005,2015
4509,2004,2016
4510,2007,2016
4511,2012,2015
4512,2004,2016
4513,1986,2005
4514,2006,2014
4515,2004,2015
4516,2004,2016
4517,2010,2016
4518,2004,2016
4519,2003,2015
4520,2006,2016
4521,2006,2016
4522,2003,2015
4523,2005,2015
4524,2006,2016
4525,2006,2016
4526,2006,2016
4527,1984,2000
4528,2003,2015
4529,2005,2015
4530,2004,2016
4531,2006,2016
4532,2004,2016
4533,2003,2015
4534,2005,2015
4535,2004,2016
4536,2006,2016
4537,2004,2016
4538,2006,2016
4539,2003,2015
4540,2005,2015
4541,2004,2016
4542,2006,2016
4543,2012,2015
4544,2004,2014
4545,2004,2016
4546,2006,2016
4547,2012,2015
4548,1996,2004
4549,2004,2015
4550,2004,2012
4551,2006,2016
4552,2006,2016
4553,1970,2016
4554,2004,2018
4555,1993,2007
4556,1970,2016
4557,2007,2016
4558,1970,2016
4559,2007,2016
4560,1970,1994
4561,1973,1994
4562,1970,1994
4563,1972,1994
4564,1985,1994
4565,1973,1994
4566,1973,1994
4567,1978,1993
4568,1972,1994
4569,1970,1994
4570,1971,1994
4571,1980,1993
4572,1984,2012
4573,1972,1981
4574,1982,1994
4575,1995,2016
4576,1970,1981
4577,1982,1994
4578,1995,2016
4579,2014,2016
4580,1996,2008
4581,1980,2008
4582,2003,2015
4583,2005,2015
4584,2004,2016
4585,2006,2016
4586,2012,2015
4587,2003,2017
4588,2006,2016
4589,2004,2016
4590,2012,2015
4591,2005,2017
4592,1970,2014
4593,1971,2018
4594,1970,2016
4595,1975,2018
4596,2004,2018
4597,2016,2017
4598,2016,2017
4599,1989,1991
4600,1989,1991
4601,1990,1991
4602,1997,2006
4603,2000,2002
4604,1981,1984
4605,1987,2005
4606,1965,1975
4607,1972,1991
4608,2014,2017
4609,1995,2004
4610,2003,2015
4611,2005,2015
4612,2004,2016
4613,2012,2015
4614,2004,2016
4615,1970,2016
4616,2004,2018
4617,1970,2016
4618,1994,2017
4619,2001,2011
4620,1981,2005
4621,1981,2005
4622,1981,2005
4623,1970,1986
4624,1984,2006
4625,2005,2010
4626,2008,2010
4627,2009,2010
4628,2007,2010
4629,1971,1981
4630,1976,1988
4631,1970,1994
4632,1971,1994
4633,1970,1994
4634,1970,1994
4635,1973,1994
4636,1970,1994
4637,1970,1994
4638,1970,1994
4639,1970,1994
4640,1970,1994
4641,1971,1994
4642,1981,1993
4643,1971,2016
4644,1982,1994
4645,1995,2016
4646,1982,1994
4647,1995,2016
4648,2011,2014
4649,2014,2016
4650,2014,2016
4651,2007,2012
4652,2007,2012
4653,1968,1977
4654,2006,2008
4655,2008,2013
4656,1987,1990
4657,1987,1990
4658,1987,1990
4659,1987,1990
4660,1987,1990
4661,1987,1990
4662,1987,1990
4663,1987,1990
4664,1987,1990
4665,1987,1990
4666,1987,1990
4667,2014,2017
4668,2000,2004
4669,1995,1998
4670,1993,2004
4671,2000,2003
4672,2000,2004
4673,2001,2003
4674,2000,2004
4675,1996,2017
4676,1996,2014
4677,2005,2013
4678,2006,2016
4679,2006,2016
